Simulacion con probabilidades desde 0.500000 a 0.700000 con 201 particiones, tomando 3000 iteraciones sonbre una red de 128
Los resultados son: 
Los valores de ms son:
26.6652, 27.3182, 28.0523, 28.6565, 29.3749, 30.1175, 31.1141, 31.9417, 32.666, 33.6847, 34.3261, 35.3289, 36.4059, 37.1187, 38.0676, 39.387, 40.468, 41.9048, 42.4907, 44.0625, 45.138, 46.8615, 48.123, 49.8488, 51.2023, 53.2368, 54.7569, 56.0913, 58.2522, 60.1148, 61.9953, 64.3422, 67.3264, 69.0334, 71.5667, 74.7503, 75.8668, 79.4247, 81.1347, 85.748, 89.4776, 92.0023, 96.9713, 99.6344, 103.487, 109.255, 113.145, 116.099, 121.737, 127.608, 132.153, 138.62, 145.9, 150.46, 156.961, 168.56, 174.672, 182.057, 192.255, 199.527, 208.054, 222.743, 228.163, 241.195, 254.917, 263.079, 274.486, 291.39, 307.656, 317.327, 335.468, 347.519, 364.936, 379.189, 391.295, 404.488, 427.115, 441.233, 452.214, 479.977, 482.5, 505.471, 515.033, 516.248, 535.154, 540.244, 554.439, 563.95, 551.017, 562.095, 559.693, 560.782, 547.407, 539.549, 533.083, 541.651, 515.155, 505.872, 498.541, 482.651, 440.434, 422.919, 418.125, 381.158, 387.674, 362.573, 331.078, 307.64, 285.844, 250.897, 241.369, 218.894, 212.566, 184.436, 166.272, 138.439, 123.611, 101.424, 112.081, 92.4162, 78.6539, 71.3565, 64.7354, 63.7687, 56.8006, 51.0613, 42.2036, 31.3716, 29.5253, 22.2821, 17.723, 20.7899, 16.9917, 11.0643, 16.8765, 13.4306, 11.5285, 9.066, 8.85755, 7.76556, 4.66633, 5.88883, 5.68561, 4.68415, 3.7951, 5.3039, 2.69824, 2.24847, 2.48811, 2.24185, 2.24538, 3.01011, 1.91586, 1.6718, 1.73555, 1.51495, 1.30693, 1.46295, 2.4418, 1.09559, 1.03539, 1.07905, 0.95985, 0.899847, 0.758068, 0.72535, 0.7466, 0.67034, 0.647537, 0.630083, 0.582982, 0.559877, 0.560399, 0.473159, 0.480264, 0.445327, 0.424902, 0.376154, 0.435569, 0.372128, 0.330471, 0.306775, 0.307902, 0.278398, 0.286861, 0.262726, 0.265767, 0.250198, 0.248919, 0.242564, 0.212373, 0.206071, 0.196206, 0.17837, 0.175597, 0.172743, 0.164748, 0.155053, 0.156869, 0.157315, 0.139478 
Se encontro un pmax=0.587 y un deltamin 0.00127622, siendo su gamma por derecha -0.276951, y su gamma por izquierda -0.278228 para un |p-pmax|=0.022
Los gammas de la izquierda son: 
-0.0374184, -0.0327851, -0.0464609, -0.0475453, -0.051192, -0.0630112, -0.0689708, -0.0822484, -0.0934973, -0.104614, -0.118422, -0.131346, -0.143418, -0.155532, -0.168604, -0.181174, -0.19495, -0.207773, -0.221473, -0.236194, -0.250616, -0.264127, -0.278228, -0.292807, -0.306147, -0.320616, -0.334777, -0.348454, -0.362467, -0.37621, -0.38948, -0.403726, -0.41772, -0.43107, -0.444569, -0.45808, -0.471172, -0.484279, -0.497408, -0.509893, -0.522073, -0.534532, -0.546783, -0.558548, -0.570552, -0.582126, -0.593685, -0.605545, -0.616851, -0.628235, -0.638967, -0.649755, -0.660426, -0.67075, -0.681188, -0.691559, -0.701737, -0.71175, -0.721736, -0.731429, -0.740928, -0.75045, -0.759767, -0.769048, -0.778141, -0.787248, -0.79614, -0.805037, -0.813563, -0.822087, -0.830484, -0.838873, -0.847116, -0.85513, -0.863092, -0.870987, -0.878671, -0.886329, -0.893843, -0.901277, -0.908723, -0.916076, -0.923338, -0.930468, -0.937542, -0.944533
Los gammas de la derecha son: 
0.0287158, 0.0157807, 0.0121084, 0.000116754, -0.00952022, -0.0170884, -0.017379, -0.0265629, -0.0350604, -0.0425023, -0.0515303, -0.0684726, -0.0850602, -0.0983851, -0.116744, -0.129357, -0.144304, -0.162754, -0.182623, -0.203548, -0.228814, -0.252061, -0.276951, -0.29946, -0.32575, -0.353267, -0.385522, -0.418573, -0.455937, -0.484472, -0.517209, -0.552314, -0.58704, -0.621405, -0.652524, -0.684208, -0.716067, -0.750768, -0.791297, -0.829825, -0.873078, -0.919035, -0.956489, -0.996152, -1.04387, -1.07667, -1.11247, -1.14912, -1.18866, -1.22567, -1.26287, -1.30884, -1.34631, -1.38178, -1.41883, -1.45766, -1.48689, -1.52768, -1.56937, -1.60638, -1.64295, -1.67711, -1.70365, -1.7366, -1.7699, -1.80048, -1.83149, -1.86311, -1.89095, -1.90863, -1.9381, -1.96675, -1.99309, -2.0197, -2.04576, -2.07292, -2.09922, -2.12364, -2.14826, -2.17201, -2.19485, -2.21752, -2.23951, -2.26031, -2.28224, -2.30282, -2.3233, -2.34331, -2.36383, -2.38146, -2.4001, -2.41925, -2.43834, -2.45644, -2.47482, -2.49195, -2.50925, -2.52556, -2.54176, -2.55722, -2.5722, -2.58791, -2.6032, -2.61828, -2.63366, -2.64849, -2.6628, -2.67693, -2.69103, -2.70435, -2.71703, -2.73031 

