Simulacion con 60 probas entre 0.260000 y 0.850000, tomando pc = 0.591900 y 30000 iteraciones en cada una por cada tamaño de cluster 
Los resultados son: 
Clusters de tamaño 50 (en 0hs, 2min, 28segs)
0, 0.000419639, 0.000419639, 0.00125892, 0.000419639, 0.00419639, 0.0113303, 0.0113303, 0.0293747, 0.0524549, 0.0948384, 0.156945, 0.245069, 0.364666, 0.525808, 0.750315, 0.981956, 1.2736, 1.58414, 1.91481, 2.14981, 2.43139, 2.63575, 2.74864, 2.86991, 2.85816, 2.69618, 2.58833, 2.31221, 2.08896, 1.82627, 1.55686, 1.30046, 0.997482, 0.834243, 0.654637, 0.515736, 0.399916, 0.276123, 0.210239, 0.143097, 0.101133, 0.0679815, 0.0478389, 0.0377675, 0.0234998, 0.0100713, 0.00881242, 0.0100713, 0.00293747, 0.00377675, 0.00167856, 0.000419639, 0.000839278, 0.000419639, 0, 0, 0, 0,0
Duracion total: 0 horas, 2 minutos y 28 segundos

Simulacion con 60 probas entre 0.260000 y 0.850000, tomando pc = 0.591900 y 30000 iteraciones en cada una por cada tamaño de cluster 
Los resultados son: 
Clusters de tamaño 200 (en 0hs, 2min, 28segs)
0, 0, 0, 0, 0, 0, 0, 0, 0, 0, 0, 0, 0, 0, 0, 0, 0, 0, 0.0041841, 0.0292887, 0.0376569, 0.083682, 0.192469, 0.322176, 0.564854, 0.832636, 1.23431, 1.46862, 1.66527, 1.6569, 1.68619, 1.48117, 1.33054, 1.05858, 0.719665, 0.518828, 0.372385, 0.25523, 0.154812, 0.0753138, 0.0585774, 0.0251046, 0.0125523, 0.0167364, 0, 0, 0.0041841, 0, 0, 0, 0, 0, 0, 0, 0, 0, 0, 0, 0,0
Clusters de tamaño 400 (en 0hs, 2min, 29segs)
0, 0, 0, 0, 0, 0, 0, 0, 0, 0, 0, 0, 0, 0, 0, 0, 0, 0, 0, 0, 0, 0, 0, 0, 0.106061, 0.106061, 0.378788, 0.545455, 0.924242, 1.39394, 1.59091, 1.62121, 1.27273, 1.36364, 0.772727, 0.530303, 0.378788, 0.0757576, 0.0909091, 0.0454545, 0.0454545, 0, 0, 0, 0, 0, 0, 0, 0, 0, 0, 0, 0, 0, 0, 0, 0, 0, 0,0
Duracion total: 0 horas, 4 minutos y 57 segundos


Simulacion con 60 probas entre 0.260000 y 0.850000, tomando pc = 0.591900 y 30000 iteraciones en cada una por cada tamaño de cluster 
Los resultados son: 
Clusters de tamaño 400 (en 0hs, 16min, 21segs)
0, 0, 0, 0, 0, 0, 0, 0, 0, 0, 0, 0, 0, 0, 0, 0, 0, 0, 0, 0, 0, 0, 0, 0.0123457, 0.0864198, 0.0864198, 0.333333, 0.506173, 0.716049, 1.11111, 1.1358, 1.2716, 1.08642, 0.925926, 0.54321, 0.45679, 0.197531, 0.123457, 0.0987654, 0.0123457, 0.0493827, 0.0123457, 0, 0, 0, 0, 0, 0, 0, 0, 0, 0, 0, 0, 0, 0, 0, 0, 0, 0
Duracion total: 0 horas, 16 minutos y 21 segundos

