Simulacion con 100 probabilidades (salto de 0.010000) y 30000 iteraciones en cada una
Los resultados son: 
4x4 en 0hs, 0min, 2segs
0.000000 0.000000 0.000000 0.000000 0.000133 0.000633 0.000400 0.000900 0.002267 0.002900 0.003867 0.005400 0.005300 0.011500 0.016733 0.018467 0.027633 0.032533 0.044333 0.053800 0.072200 0.081733 0.105267 0.119733 0.152333 0.181400 0.215100 0.253767 0.283767 0.332433 0.378133 0.440233 0.499500 0.568367 0.663267 0.741367 0.837000 0.924467 1.039300 1.174533 1.292633 1.434000 1.591567 1.711567 1.911433 2.089633 2.267300 2.480533 2.678567 2.877767 3.138100 3.328433 3.578567 3.843733 4.103300 4.358467 4.691200 4.935300 5.161200 5.610133 5.818933 6.143967 6.448700 6.835367 7.206900 7.453166 7.839033 8.135734 8.468200 8.785400 9.121100 9.549633 9.815166 10.102600 10.435700 10.765100 11.004967 11.344633 11.639733 11.923866 12.174800 12.472067 12.675366 12.948667 13.226133 13.455367 13.665533 13.867267 14.072467 14.292133 14.476000 14.669534 14.844867 15.007133 15.179900 15.346400 15.522300 15.675767 15.837234 16.000000 
8x8 en 0hs, 0min, 7segs
0.000000 0.000000 0.000000 0.000000 0.000000 0.000000 0.000000 0.000000 0.000000 0.000000 0.000000 0.000000 0.000000 0.000000 0.000433 0.000000 0.000433 0.000000 0.000533 0.000700 0.004767 0.000767 0.004233 0.005400 0.013567 0.013800 0.019600 0.031233 0.041067 0.052333 0.087800 0.101933 0.136933 0.186267 0.258900 0.344200 0.412733 0.531133 0.657367 0.827567 1.065867 1.277433 1.564833 1.914900 2.335733 2.817667 3.236700 3.948967 4.631600 5.374800 6.254333 7.341333 8.388833 9.490533 10.741400 12.059400 13.479400 15.030267 16.567467 18.533533 20.254932 21.858334 23.836666 25.598066 27.432400 29.262033 30.899067 32.910034 34.904034 36.452301 38.216000 39.848999 41.021801 42.482498 43.905602 45.275867 46.480934 47.598835 48.618065 49.704132 50.555367 51.467533 52.318867 53.146599 53.924332 54.652035 55.394001 56.111500 56.789665 57.487667 58.136200 58.821667 59.486832 60.131466 60.794132 61.426102 62.080967 62.724499 63.366135 64.000000 
16x16 en 0hs, 0min, 26segs
0.000000 0.000000 0.000000 0.000000 0.000000 0.000000 0.000000 0.000000 0.000000 0.000000 0.000000 0.000000 0.000000 0.000000 0.000000 0.000000 0.000000 0.000000 0.000000 0.000000 0.000000 0.000000 0.000000 0.000000 0.000000 0.000000 0.000000 0.000000 0.000000 0.000967 0.000000 0.002033 0.003900 0.004433 0.004833 0.008600 0.019500 0.031667 0.097767 0.099700 0.212900 0.304333 0.490033 0.741100 1.086667 1.542800 2.283167 3.264700 4.605533 6.374800 8.332434 11.226500 15.025333 19.649866 25.143566 31.030134 37.752068 45.898666 55.365067 64.920097 75.241570 85.931602 96.146530 107.137764 117.072533 127.032936 136.113068 144.430832 152.904373 159.744598 166.406631 171.638702 176.744461 181.304230 185.409897 189.334595 192.969238 196.362839 199.647537 202.666336 205.658264 208.552567 211.349106 214.162506 216.957367 219.640060 222.312393 224.913864 227.633270 230.183395 232.825562 235.406494 238.025299 240.590927 243.154007 245.722794 248.333527 250.885895 253.437805 256.000000 
32x32 en 0hs, 1min, 42segs
0.000000 0.000000 0.000000 0.000000 0.000000 0.000000 0.000000 0.000000 0.000000 0.000000 0.000000 0.000000 0.000000 0.000000 0.000000 0.000000 0.000000 0.000000 0.000000 0.000000 0.000000 0.000000 0.000000 0.000000 0.000000 0.000000 0.000000 0.000000 0.000000 0.000000 0.000000 0.000000 0.000000 0.000000 0.000000 0.000000 0.000000 0.000000 0.000000 0.000000 0.004500 0.000000 0.014933 0.024000 0.099400 0.123133 0.307933 0.560067 1.217033 2.181233 4.502367 8.163067 14.702333 24.868099 39.685234 61.987301 93.340103 134.414368 182.496063 238.044739 301.325500 363.890686 424.068970 480.139252 528.012695 568.479309 605.623047 634.609619 659.046265 679.242920 697.920532 714.085327 728.585083 742.455933 755.882507 768.462219 780.279846 792.116638 803.666626 814.940430 825.929443 836.984253 847.683044 858.476685 869.065125 879.607971 890.033325 900.491760 910.983887 921.180786 931.584961 941.920959 952.265747 962.537109 972.758423 983.054321 993.229309 1003.537476 1013.763611 1023.999939 
64x64 en 0hs, 6min, 36segs
0.000000 0.000000 0.000000 0.000000 0.000000 0.000000 0.000000 0.000000 0.000000 0.000000 0.000000 0.000000 0.000000 0.000000 0.000000 0.000000 0.000000 0.000000 0.000000 0.000000 0.000000 0.000000 0.000000 0.000000 0.000000 0.000000 0.000000 0.000000 0.000000 0.000000 0.000000 0.000000 0.000000 0.000000 0.000000 0.000000 0.000000 0.000000 0.000000 0.000000 0.000000 0.000000 0.000000 0.000000 0.000000 0.000000 0.000000 0.000000 0.027967 0.112500 0.265733 0.854033 3.913433 10.786767 29.873400 80.559135 179.291260 361.864502 641.753845 989.055054 1373.829346 1720.838623 2014.069336 2223.515381 2373.236328 2490.805176 2580.559814 2654.988525 2721.823486 2783.681641 2839.650879 2893.524902 2944.432861 2993.488281 3041.484619 3087.849854 3133.343750 3178.028564 3222.262939 3265.947998 3309.004150 3351.651123 3394.008545 3436.533691 3478.034668 3519.903809 3561.562744 3603.060303 3644.734375 3685.766846 3726.844727 3768.270020 3809.031738 3850.175293 3891.242676 3932.159668 3973.045410 4014.111816 4055.090088 4096.000000 
128x128 en 0hs, 26min, 21segs
0.000000 0.000000 0.000000 0.000000 0.000000 0.000000 0.000000 0.000000 0.000000 0.000000 0.000000 0.000000 0.000000 0.000000 0.000000 0.000000 0.000000 0.000000 0.000000 0.000000 0.000000 0.000000 0.000000 0.000000 0.000000 0.000000 0.000000 0.000000 0.000000 0.000000 0.000000 0.000000 0.000000 0.000000 0.000000 0.000000 0.000000 0.000000 0.000000 0.000000 0.000000 0.000000 0.000000 0.000000 0.000000 0.000000 0.000000 0.000000 0.000000 0.000000 0.000000 0.000000 0.151300 0.568500 3.705000 29.839199 179.062134 729.365601 2144.961914 4309.758301 6500.930176 8028.080078 8920.359375 9474.550781 9879.373047 10210.833008 10496.150391 10752.019531 10989.067383 11210.824219 11420.753906 11622.725586 11817.384766 12006.507812 12191.341797 12372.239258 12551.193359 12726.334961 12900.243164 13072.791016 13243.644531 13412.720703 13581.094727 13749.025391 13915.770508 14082.137695 14248.046875 14413.558594 14578.545898 14743.569336 14908.333008 15072.072266 15236.344727 15400.509766 15564.708008 15728.689453 15892.521484 16056.424805 16220.357422 16384.000000 
Duracion total: 0 horas, 35 minutos y 14 segundos

Simulacion con 100 probabilidades (salto de 0.010000) y 30000 iteraciones en cada una
Los resultados son: 
512x512 en 3hs, 54min, 38segs
0, 0, 0, 0, 0, 0, 0, 0, 0, 0, 0, 0, 0, 0, 0, 0, 0, 0, 0, 0, 0, 0, 0, 0, 0, 0, 0, 0, 0, 0, 0, 0, 0, 0, 0, 0, 0, 0, 0, 0, 0, 0, 0, 0, 0, 0, 0, 0, 0, 0, 0, 0, 0, 0, 0, 0, 0, 240.552, 17789.9, 96618.5, 130173, 142164, 150002, 156049, 161120, 165565, 169596, 173329, 176831, 180164, 183369, 186467, 189487, 192435, 195328, 198177, 200987, 203769, 206522, 209254, 211969, 214665, 217348, 220021, 222684, 225338, 227988, 230631, 233270, 235903, 238532, 241159, 243789, 246412, 249034, 251659, 254279, 256902, 259523, 262144
Duracion total: 3 horas, 54 minutos y 38 segundos
Barrido Fino



Simulacion con 201 probabilidades (salto de 0.005000) entre 0.500000 y 0.700000 y 30000 iteraciones en cada una
Los resultados son: 
32x32 en 0hs, 2min, 25segs
2.31807, 2.11647, 2.55417, 2.7496, 3.12217, 3.3872, 3.22073, 3.77377, 3.68897, 4.20197, 4.58247, 4.53187, 4.8334, 5.48043, 5.45337, 5.5777, 6.55497, 7.1056, 6.96363, 7.7483, 8.17503, 8.61927, 8.672, 9.7906, 10.2206, 11.3421, 11.3478, 12.3205, 12.4281, 13.6433, 14.9862, 15.5907, 16.1817, 17.4899, 18.6041, 18.8716, 19.9908, 21.1547, 21.6381, 23.8608, 24.5349, 25.5119, 27.5317, 29.1062, 29.5237, 30.8167, 32.689, 35.242, 35.9393, 37.5724, 39.4716, 41.9289, 44.1339, 46.3595, 49.037, 50.529, 52.7692, 55.9461, 57.9621, 60.853, 63.1014, 65.8168, 67.6867, 71.4387, 76.2807, 77.2726, 79.4846, 84.8337, 87.2834, 90.277, 94.1603, 98.3898, 100.999, 105.905, 110.994, 112.768, 118.047, 121.747, 126.664, 130.1, 134.318, 139.345, 144.531, 148.478, 152.686, 157.357, 163.666, 167.851, 171.895, 179.295, 183.71, 190.604, 194.32, 200.205, 204.414, 212.706, 216.04, 223.148, 229.049, 234.046, 240.853, 246.782, 251.481, 259.281, 263.665, 267.388, 277.51, 282.683, 290.878, 294.248, 301.989, 306.735, 313.914, 320.503, 325.844, 331.716, 339.819, 345.054, 350.476, 354.087, 361.947, 368.091, 373.684, 381.549, 385.966, 392.23, 400.313, 405.328, 410.914, 416.953, 425.037, 429.005, 433.968, 440.668, 446.44, 452.024, 459.425, 462.553, 467.559, 473.896, 478.335, 485.113, 489.412, 495.233, 497.517, 502.147, 508.298, 513.218, 518.254, 523.311, 527.733, 533.217, 536.914, 541.609, 546.955, 547.759, 553.824, 556.686, 562.175, 566.787, 567.726, 572.862, 576.527, 582.511, 586.603, 588.342, 592.069, 594.184, 599.809, 601.023, 605.86, 607.74, 611.294, 614.278, 617.078, 620.216, 623.122, 626.154, 628.549, 632.803, 633.981, 636.736, 639.5, 642.567, 644.698, 647.43, 649.563, 650.861, 653.992, 657.143, 658.139, 660.289, 663.287, 665.781, 668.461, 669.502, 671.792, 673.637, 675.908, 677.503, 679.484
Duracion total: 0 horas, 2 minutos y 25 segundos

Simulacion con 111 probabilidades (salto de 0.009091) entre 0.540000 y 0.650000 y 30000 iteraciones en cada una
Los resultados son: 
64x64 en 0hs, 5min, 22segs
11.0728, 11.4435, 13.7058, 14.7039, 16.5011, 18.7004, 21.2939, 22.0596, 23.1758, 28.3124, 30.5119, 33.9427, 38.0208, 43.41, 47.3643, 50.7751, 55.3132, 58.8516, 66.7906, 73.5212, 80.7648, 86.2704, 93.3768, 101.71, 113.135, 121.977, 132.371, 140.439, 158.843, 167.143, 182.518, 192.088, 210.851, 228.665, 245.697, 255.181, 279.509, 302.479, 314.039, 340.227, 359.683, 387.221, 406.612, 433.969, 458.161, 491.327, 516.435, 549.086, 580.748, 604.724, 636.679, 680.063, 705.13, 743.945, 773.136, 805.437, 848.896, 872.964, 918.174, 959.924, 993.986, 1024.44, 1070.54, 1109.2, 1146.76, 1173.13, 1218.73, 1256.64, 1295.8, 1342.05, 1367.35, 1413.79, 1447.1, 1481.62, 1521.48, 1551.38, 1588.51, 1628.3, 1659.64, 1690.81, 1723.59, 1747.89, 1789.16, 1817.32, 1848.7, 1876.64, 1900.3, 1933.6, 1957.36, 1981.89, 2010.41, 2030.97, 2057.54, 2076.79, 2104.48, 2123.5, 2147.04, 2160.31, 2184.95, 2204.05, 2219.68, 2239.14, 2253.92, 2268.8, 2290.74, 2303.77, 2318.54, 2333.98, 2348.32, 2362.23, 2375.56
Duracion total: 0 horas, 5 minutos y 22 segundos

Simulacion con 81 probabilidades (salto de 0.012500) entre 0.560000 y 0.640000 y 30000 iteraciones en cada una
Los resultados son: 
128x128 en 0hs, 15min, 59segs
29.1709, 37.816, 45.1462, 52.5851, 60.8257, 66.9683, 91.5821, 107.241, 126.772, 154.585, 172.358, 211.429, 241.763, 269.834, 315.641, 369.38, 434.549, 499.004, 548.01, 640.695, 696.377, 835.88, 933.815, 1036.4, 1163.3, 1316.53, 1441.19, 1595.23, 1787.18, 1955.24, 2119.65, 2312.32, 2503.01, 2708.28, 2928.8, 3148.74, 3363.95, 3644.31, 3827.41, 4078.98, 4307.13, 4546.66, 4779.99, 5025.8, 5234.94, 5459.12, 5689.77, 5892.6, 6129.93, 6305.83, 6492.41, 6682, 6895.06, 7057.3, 7195.2, 7379.45, 7503.8, 7646.48, 7774.93, 7894.6, 8009.33, 8138.1, 8239.33, 8354.13, 8433.96, 8535.67, 8630.58, 8699.59, 8777.09, 8850.63, 8921.65, 8982.79, 9050.5, 9107.77, 9169.99, 9221.54, 9271.71, 9330.27, 9381.99, 9428.6, 9475.97
Duracion total: 0 horas, 15 minutos y 59 segundos

Simulacion con 51 probabilidades (salto de 0.020000) entre 0.570000 y 0.620000 y 30000 iteraciones en cada una
Los resultados son: 
512x512 en 2hs, 44min, 51segs
0, 0.820133, 0, 2.2989, 4.95033, 12.5959, 13.7905, 35.3248, 63.7812, 114.624, 197.627, 369.562, 638.26, 1035.96, 1692.79, 2649.25, 4278.98, 6155.98, 9263.34, 12615.7, 17577.8, 23554.9, 30588.9, 38332.2, 46940.2, 55726.3, 65286.8, 74085.3, 82426.9, 89728, 96713.4, 102606, 107821, 112066, 115865, 119400, 121998, 124339, 126462, 128469, 130122, 131716, 133182, 134545, 135794, 137014, 138163, 139203, 140292, 141216, 142176
Duracion total: 2 horas, 44 minutos y 51 segundos

