
Los resultados son: 
4x4 con pc = 0.567658  (en 0hs, 0min, 2segs) 
0.000000 0.000000 0.000000 0.000000 0.000033 0.000133 0.000067 0.000200 0.000433 0.000567 0.000833 0.001067 0.001067 0.002167 0.003200 0.003433 0.005033 0.005900 0.007967 0.009600 0.012667 0.014300 0.017733 0.019667 0.024800 0.029533 0.034233 0.040100 0.043767 0.050767 0.057633 0.065867 0.073667 0.083267 0.094400 0.104967 0.117500 0.127467 0.141700 0.156900 0.170567 0.187267 0.205700 0.217700 0.240500 0.259767 0.277333 0.299800 0.320267 0.338500 0.364133 0.382233 0.405700 0.427300 0.454200 0.474567 0.504433 0.523367 0.541633 0.578100 0.594100 0.619100 0.639800 0.667733 0.696433 0.711133 0.736567 0.754000 0.774867 0.794133 0.813900 0.837400 0.851700 0.865633 0.881633 0.894967 0.906000 0.920033 0.931600 0.942300 0.949200 0.961167 0.964300 0.971733 0.978700 0.984100 0.986867 0.990733 0.993500 0.995200 0.996533 0.998233 0.998533 0.999233 0.999633 0.999800 0.999967 0.999967 1.000000 1.000000 
16x16 con pc = 0.589522  (en 0hs, 0min, 27segs) 
0.000000 0.000000 0.000000 0.000000 0.000000 0.000000 0.000000 0.000000 0.000000 0.000000 0.000000 0.000000 0.000000 0.000000 0.000000 0.000000 0.000000 0.000000 0.000000 0.000000 0.000000 0.000000 0.000000 0.000000 0.000000 0.000000 0.000000 0.000000 0.000000 0.000000 0.000033 0.000000 0.000033 0.000167 0.000167 0.000200 0.000667 0.000967 0.001100 0.002333 0.003400 0.005533 0.008467 0.011000 0.017367 0.022000 0.034267 0.046067 0.064200 0.079833 0.108633 0.140000 0.176967 0.218433 0.270933 0.320733 0.376100 0.435533 0.503233 0.562800 0.628567 0.683933 0.742533 0.786067 0.831800 0.871200 0.903600 0.927433 0.948533 0.963333 0.972900 0.982433 0.989000 0.992900 0.995500 0.997400 0.998600 0.999200 0.999567 0.999667 0.999833 0.999900 1.000000 1.000000 1.000000 1.000000 1.000000 1.000000 1.000000 1.000000 1.000000 1.000000 1.000000 1.000000 1.000000 1.000000 1.000000 1.000000 1.000000 1.000000 
32x32 con pc = 0.592951  (en 0hs, 2min, 32segs) 
0.000000 0.000000 0.000000 0.000000 0.000000 0.000000 0.000000 0.000000 0.000000 0.000000 0.000000 0.000000 0.000000 0.000000 0.000000 0.000000 0.000000 0.000000 0.000000 0.000000 0.000000 0.000000 0.000000 0.000000 0.000000 0.000000 0.000000 0.000000 0.000000 0.000000 0.000000 0.000000 0.000000 0.000000 0.000000 0.000000 0.000000 0.000000 0.000000 0.000000 0.000067 0.000067 0.000100 0.000200 0.000367 0.000567 0.001733 0.002800 0.005533 0.011400 0.021233 0.032567 0.058567 0.090933 0.137967 0.200933 0.274567 0.368867 0.464867 0.568967 0.666800 0.753600 0.825967 0.883867 0.925567 0.954033 0.974067 0.985533 0.992233 0.996533 0.998100 0.998933 0.999700 0.999833 0.999933 0.999967 1.000000 1.000000 1.000000 1.000000 1.000000 1.000000 1.000000 1.000000 1.000000 1.000000 1.000000 1.000000 1.000000 1.000000 1.000000 1.000000 1.000000 1.000000 1.000000 1.000000 1.000000 1.000000 1.000000 1.000000 
64x64 con pc = 0.590840  (en 0hs, 7min, 24segs) 
0.000000 0.000000 0.000000 0.000000 0.000000 0.000000 0.000000 0.000000 0.000000 0.000000 0.000000 0.000000 0.000000 0.000000 0.000000 0.000000 0.000000 0.000000 0.000000 0.000000 0.000000 0.000000 0.000000 0.000000 0.000000 0.000000 0.000000 0.000000 0.000000 0.000000 0.000000 0.000000 0.000000 0.000000 0.000000 0.000000 0.000000 0.000000 0.000000 0.000000 0.000000 0.000000 0.000000 0.000000 0.000000 0.000000 0.000000 0.000067 0.000100 0.000233 0.000533 0.001767 0.005567 0.015067 0.037133 0.080967 0.168367 0.296467 0.455667 0.631533 0.775133 0.882433 0.946567 0.979867 0.993467 0.997700 0.999133 0.999833 1.000000 1.000000 1.000000 1.000000 1.000000 1.000000 1.000000 1.000000 1.000000 1.000000 1.000000 1.000000 1.000000 1.000000 1.000000 1.000000 1.000000 1.000000 1.000000 1.000000 1.000000 1.000000 1.000000 1.000000 1.000000 1.000000 1.000000 1.000000 1.000000 1.000000 1.000000 1.000000 
128x128 con pc = 0.589278  (en 0hs, 29min, 16segs) 
0.000000 0.000000 0.000000 0.000000 0.000000 0.000000 0.000000 0.000000 0.000000 0.000000 0.000000 0.000000 0.000000 0.000000 0.000000 0.000000 0.000000 0.000000 0.000000 0.000000 0.000000 0.000000 0.000000 0.000000 0.000000 0.000000 0.000000 0.000000 0.000000 0.000000 0.000000 0.000000 0.000000 0.000000 0.000000 0.000000 0.000000 0.000000 0.000000 0.000000 0.000000 0.000000 0.000000 0.000000 0.000000 0.000000 0.000000 0.000000 0.000000 0.000000 0.000000 0.000000 0.000033 0.000200 0.002067 0.011167 0.053133 0.177633 0.428900 0.705033 0.896267 0.975100 0.996333 0.999533 0.999933 1.000000 1.000000 1.000000 1.000000 1.000000 1.000000 1.000000 1.000000 1.000000 1.000000 1.000000 1.000000 1.000000 1.000000 1.000000 1.000000 1.000000 1.000000 1.000000 1.000000 1.000000 1.000000 1.000000 1.000000 1.000000 1.000000 1.000000 1.000000 1.000000 1.000000 1.000000 1.000000 1.000000 1.000000 1.000000 
Duracion total: 0 horas, 39 minutos y 41 segundos

